0, 1.893188 3.464792 
1, 4.709910 2.676585 
1, 1.899510 2.780542 
1, 3.140338 4.602715 
1, 2.585977 3.198773 
1, 4.126735 2.765708 
1, 1.726355 4.576197 
1, 3.006097 1.812737 
1, 2.529037 4.794001 
1, 2.695684 5.037908 
1, 2.590431 2.054906 
0, 2.016624 4.177875 
0, 0.101340 2.651466 
1, 4.696298 3.607680 
1, 2.902560 1.866064 
0, 3.183426 2.770753 
0, 3.624445 3.143274 
1, 3.000036 1.124705 
0, 1.997244 4.178307 
0, 2.637378 3.022017 
0, 3.400097 1.833306 
1, 3.820263 3.797857 
0, 4.157356 3.001734 
0, 3.205922 1.776485 
1, 2.787065 1.450917 
1, 2.038992 3.657173 
1, 2.236580 3.262444 
0, 2.258484 2.372019 
0, 2.492377 3.408418 
1, 3.050131 4.343704 
1, 3.555996 2.493701 
1, 4.565486 3.592622 
1, 0.539559 3.863406 
1, 3.819743 2.474514 
0, 2.874456 3.341929 
1, 0.930897 2.551454 
1, 4.409578 0.539736 
0, 1.325279 3.604702 
0, 3.059075 2.755796 
0, 2.992548 3.725057 
0, 2.386654 2.900975 
1, 2.858688 2.800754 
1, 4.905638 3.621294 
1, 3.710039 3.918873 
0, 4.362593 3.615919 
0, 3.248222 4.213267 
1, 2.849700 4.219841 
1, 3.218056 2.236095 
1, 2.581536 4.487324 
0, 3.268099 2.499113 
0, 3.303384 2.430226 
0, 4.396836 3.658812 
1, 2.061933 3.325466 
1, 2.501405 4.328841 
0, 3.270269 3.243978 
1, 3.506893 2.552492 
0, 3.044775 3.268730 
1, 2.512967 1.017254 
0, 3.347022 3.146259 
1, 3.706572 4.171310 
0, 3.574718 2.914097 
1, 2.671263 4.587414 
1, 1.119205 1.067062 
1, 1.676905 4.365185 
0, 1.748273 2.883790 
0, 4.777254 1.795850 
0, 3.113312 3.270095 
1, 2.728902 3.232387 
0, 2.769203 3.456244 
0, 3.274359 4.134614 
1, 4.041731 4.230013 
0, 0.845855 3.415146 
0, 4.113429 3.115778 
0, 3.385406 3.375708 
1, 0.590286 0.961346 
1, 2.939839 2.997802 
1, 4.847871 2.528567 
1, 2.329130 3.881300 
1, 2.440326 1.054392 
1, 5.034901 2.984745 
1, 1.177886 2.428329 
0, 3.588525 2.971960 
1, 2.573870 4.379217 
0, 1.442467 3.885370 
0, 1.676610 2.862599 
1, 3.019492 1.726669 
0, 4.262158 3.109877 
0, 3.029895 3.877363 
1, 4.146872 2.016489 
0, 2.440367 3.594582 
0, 2.340073 2.550463 
0, 3.345976 2.986578 
1, 2.049276 2.775883 
1, 0.734104 4.077063 
0, 3.280844 3.018012 
1, 3.860125 4.248197 
1, 2.939103 2.717961 
0, 2.615271 3.016543 
0, 2.722286 3.878951 
1, 2.489407 4.851093 
